pa.m = 5.6*10^4;
pa.vol = 7.4*10^5;
pa.rho = 0.089;
% xg = 5;
pa.xg = 0;
pa.zg = 15;
pa.xp = 4;
pa.yp = 1;
pa.zp = 40;
pa.Ix = 5*10^7;
pa.Iy = 2.9*10^8;
pa.Iz = 2.9*10^8;
pa.Ixz = -6*10^4;
pa.xi = 0; % pi/6
pa.g = 9.81;
pa.k1 = 0.17;
pa.k2 = 0.83;
pa.k3 = 0.52;
pa.Cl1 = 2.4*10^4;
pa.Cm1 =  7.7*10^4;
pa.Cm2 = 7.7*10^4;
pa.Cm3 = 7.7*10^4;
pa.Cm4 =7.7*10^4;
pa.Cn1 = 7.7*10^4;
pa.Cn2 = 7.7*10^4;
pa.Cn3 = 7.7*10^4;
pa.Cn4 = 7.7*10^4;

Cpa.x1 = 657;pa.Cx2 = 657;
pa.Cy1 = 657;pa.Cy2 = 657;pa.Cy3 = 657;pa.Cy4 = 657;
pa.Cz1 = 657;pa.Cz2 = 657;pa.Cz3 = 657;pa.Cz4 = 657;pa.Cz1 = 657;

pa.mg = m*g;